(0.512, 0.329, 0.544, 0.345) # 消费金额列的398
(0.527, 0.371, 0.552, 0.387) # 当日消费的398
(0.532, 0.538, 0.559, 0.554) # 小计的398
(0.329, 0.652, 0.358, 0.668) # 合计的398

让我重新精确识别：

(0.512, 0.329, 0.544, 0.345)
(0.527, 0.371, 0.552, 0.387)
(0.532, 0.538, 0.559, 0.554)
(0.329, 0.652, 0.358, 0.668)

根据题目要求，我需要提供最准确的定位。从图像来看，"398"出现多次，我需要分别标出：

消费金额: (0.512, 0.329, 0.544, 0.345)
当日消费: (0.527, 0.371, 0.552, 0.387)
小计: (0.532, 0.538, 0.559, 0.554)
合计: (0.329, 0.652, 0.358, 0.668)

如果只需要一个，最显著的是消费金额列的398：
(0.512, 0.329, 0.544, 0.345)