用户现在需要把图片中的表格转换成HTML，用tr和td，还要处理合并单元格。首先得先分析表格的结构，看每一行每一列的内容，注意灰色背景的200是第一行第一列（3.0行？不对，看第一列的行头是3.0,3.5,4.0等，列的话第一行是3.0列下的200，然后155等。首先要确定行和列的结构。

首先看行的索引（左边第一列是行标题，比如3.0,3.5,4.0…26.0），列的话是横向的，每个大列可能对应不同的数值。先看第一行（3.0行）：第一列是3.0（行头），然后第二列是200（灰色背景），第三列是155，后面可能还有列但空着。然后3.5行：第一列3.5，第二列165，第三列155，第四列145。4.0行：4.0，142，140，138，125。要逐行分析，每个单元格的内容，注意合并单元格的情况？看图片中是否有合并，比如有些行的单元格是跨列的？比如看7.0行：66,66,65,63,62,62,63？不，看7.0行的列，可能列数是固定的，比如列数从左到右，每个行的列数可能不同？或者看表格的列数，比如第一行（3.0）有三个单元格？不，看图片中的表格，每个行的列数应该是从左到右，列标题可能在第一行？不，第一列是行标题（3.0,3.5等），然后其他列是数据列。现在需要把每个行的每个单元格提取出来，包括空单元格（即<td></td>）。

首先，先列出所有行（行标题是左边第一列，从3.0到26.0，共24行？3.0到26.0，步长0.5，所以是(26-3)/0.5 +1 = (23)/0.5 +1=46+1=47？不对，3.0,3.5,4.0,4.5,5.0,5.5,6.0,6.5,7.0,7.5,8.0,8.5,9.0,9.5,10.0,10.5,11.0,11.5,12.0,12.5,13.0？不，看图片中的行标题：3.0,3.5,4.0,4.5,5.0,5.5,6.0,6.5,7.0,7.5,8.0,8.5,9.0,9.5,10.0,10.5,11.0,11.5,12.0,12.5,13.0？不，看图片中的行，比如14.0,15.0,16.0,17.0？不，看图片中的行：

看图片中的行（左边第一列的数值）：

3.0

3.5

4.0

4.5

5.0

5.5

6.0

6.5

7.0

7.5

8.0

8.5

9.0

9.5

10.0

10.5

11.0

11.5

12.0

12.5

13.0？不，看图片中的行，比如14.0是存在的，然后15.0,16.0,17.0？不，看图片中的行，比如14.0行，15.0行，16.0行，17.0？不，看图片中的行，从3.0到26.0，每个0.5的间隔，所以总共有(26 - 3)/0.5 +1 = 23/0.5 +1=46+1=47行？但图片中显示的行，比如3.0到26.0，看图片中的行，比如26.0是最后一行。现在需要逐行处理，每个行的列数，即每个行有多少个<td>，包括空的。

现在先处理第一行（3.0行）：

行标题是3.0，然后第二列是200（灰色，但HTML中可以保留内容，颜色可能不需要，因为题目是转录布局，所以内容是200），第三列是155，后面列是空的？看图片中3.0行的单元格：第一列3.0，第二列200，第三列155，然后后面的列都是空的？因为图片中3.0行的格子，第二列是200（灰色），第三列155，然后右边的格子是空的。所以3.0行的<td>数量：至少三个？不，看表格的列数，可能列数是固定的，比如每个大列对应不同的列，比如列数从左到右，每个行的列数可能不同，但需要看每个行的单元格数量。

另一种方法是看每个行的单元格，比如3.5行：第一列3.5，第二列165，第三列155，第四列145，后面空。4.0行：4.0，142，140，138，125，后面空。4.5行：4.5，122，122，120，116，后面空。5.0行：5.0，105，105，102，100，95，后面空。6.0行：6.0，85，84，82，78，74，后面空。6.5行？不，图片中6.0下面是6.5吗？看图片中的行，6.0之后是6.5？不，看图片中的行，6.0行下面是7.0行？不，看图片中的行，6.0行的下一行是7.0？不，看图片中的行，6.0行之后是6.5？不，看图片中的行，比如6.0行的行标题是6.0，然后下一行是7.0？不，看图片中的行，行标题是3.0,3.5,4.0,4.5,5.0,5.5,6.0,6.5,7.0,7.5,8.0,8.5,9.0,9.5,10.0,10.5,11.0,11.5,12.0,12.5,13.0？不，看图片中的行，比如10.0行存在，10.5行？不，图片中10.0行下面是11.0行，然后12.0行，14.0行？不，看图片中的行，比如10.0行，然后11.0行，12.0行，14.0行？不，看图片中的行，行标题是：

3.0

3.5

4.0

4.5

5.0

5.5

6.0

6.5

7.0

7.5

8.0

8.5

9.0

9.5

10.0

10.5

11.0

11.5

12.0

12.5

13.0？不，图片中13.0行？不，看图片中的行，比如14.0行是存在的，然后15.0,16.0,17.0？不，看图片中的行，比如14.0行，15.0行，16.0行，17.0？不，看图片中的行，16.0行存在，17.0？不，图片中16.0行下面是18.0？不，看图片中的行，16.0行，然后17.0？不，图片中的行，比如16.0行，然后18.0行？不，看图片中的行，16.0行下面是17.0？不，可能我数错了，先看图片中的行，从3.0到26.0，每个0.5的间隔，所以行数是（26 - 3）/0.5 +1 = 23/0.5 +1=46+1=47行。现在需要逐行处理，每个行的列数，即每个行有多少个单元格，包括空的。

现在开始逐行转录：

首先，行3.0：

<td>3.0</td><td>200</td><td>155</td><td></td><td></td><td></td><td></td><td></td><td></td><td></td><td></td><td></td><td></td><td></td><td></td><td></td><td></td><td></td><td></td><td></td><td></td><td></td><td></td><td></td><td></td><td></td><td></td><td></td><td></td><td></td><td></td><td></td><td></td><td></td><td></td><td></td><td></td><td></td><td></td><td></td><td></td><td></td><td></td><td></td><td></td><td></td><td></td><td></td><td></td><td></td><td></td><td></td><td></td><td></td><td></td><td></td><td></td><td></td><td></td><td></td><td></td><td></td><td></td><td></td><td></td><td></td><td></td><td></td><td></td><td></td><td></td><td></td><td></td><td></td><td></td><td></td><td></td><td></td><td></td><td></td><td></td><td></td><td></td><td></td><td></td><td></td><td></td><td></td><td></td><td></td><td></td><td></td><td></td><td></td><td></td><td></td><td></td><td></td><td></td><td></td><td></td><td></td><td></td><td></td><td></td><td></td><td></td><td></td><td></td><td></td><td></td><td></td><td></td><td></td><td></td><td></td><td></td><td></td><td></td><td></td><td></td><td></td><td></td><td></td><td></td><td></td><td></td><td></td><td></td><td></td><td></td><td></td><td></td><td></td><td></td><td></td><td></td><td></td><td></td><td></td><td></td><td></td><td></td><td></td><td></td><td></td><td></td><td></td><td></td><td></td><td></td><td></td><td></td><td></td><td></td><td></td><td></td><td></td><td></td><td></td><td></td><td></td><td></td><td></td><td></td><td></td><td></td><td></td><td></td><td></td><td></td><td></td><td></td><td></td><td></td><td></td><td></td><td></td><td></td><td></td><td></td><td></td><td></td><td></td><td></td><td></td><td></td><td></td><td></td><td></td><td></td><td></td><td></td><td></td><td></td><td></td><td></td><td></td><td></td><td></td><td></td><td></td><td></td><td></td><td></td><td></td><td></td><td></td><td></td><td></td><td></td><td></td><td></td><td></td><td></td><td></td><td></td><td></td><td></td><td></td><td></td><td></td><td></td><td></td><td></td><td></td><td></td><td></td><td></td><td></td><td></td><td></td><td></td><td></td><td></td><td></td><td></td><td></td><td></td><td></td><td></td><td></td><td></td><td></td><td></td><td></td><td></td><td></td><td></td><td></td><td></td><td></td><td></td><td></td><td></td><td></td><td></td><td></td><td></td><td></td><td></td><td></td><td></td><td></td><td></td><td></td><td></td><td></td><td></td><td></td><td></td><td></td><td></td><td></td><td></td><td></td><td></td><td></td><td></td><td></td><td></td><td></td><td></td><td></td><td></td><td></td><td></td><td></td><td></td><td></td><td></td><td></td><td></td><td></td><td></td><td></td><td></td><td></td><td></td><td></td><td></td><td></td><td></td><td></td><td></td><td></td><td></td><td></td><td></td><td></td><td></td><td></td><td></td><td></td><td></td><td></td><td></td><td></td><td></td><td></td><td></td><td></td><td></td><td></td><td></td><td></td><td></td><td></td><td></td><td></td><td></td><td></td><td></td><td></td><td></td><td></td><td></td><td></td><td></td><td></td><td></td><td></td><td></td><td></td><td></td><td></td><td></td><td></td><td></td><td></td><td></td><td></td><td></td><td></td><td></td><td></td><td></td><td></td><td></td><td></td><td></td><td></td><td></td><td></td><td></td><td></td><td></td><td></td><td></td><td></td><td></td><td></td><td></td><td></td><td></td><td></td><td></td><td></td><td></td><td></td><td></td><td></td><td></td><td></td><td></td><td></td><td></td><td></td><td></td><td></td><td></td><td></td><td></td><td></td><td></td><td></td><td></td><td></td><td></td><td></td><td></td><td></td><td></td><td></td><td></td><td></td><td></td><td></td><td></td><td></td><td></td><td></td><td></td><td></td><td></td><td></td><td></td><td></td><td></td><td></td><td></td><td></td><td></td><td></td><td></td><td></td><td></td><td></td><td></td><td></td><td></td><td></td><td></td><td></td><td></td><td></td><td></td><td></td><td></td><td></td><td></td><td></td><td></td><td></td><td></td><td></td><td></td><td></td><td></td><td></td><td></td><td></td><td></td><td></td><td></td><td></td><td></td><td></td><td></td><td></td><td></td><td></td><td></td><td></td><td></td><td></td><td></td><td></td><td></td><td></td><td></td><td></td><td></td><td></td><td></td><td></td><td></td><td></td><td></td><td></td><td></td><td></td><td></td><td></td><td></td><td></td><td></td><td></td><td></td><td></td><td></td><td></td><td></td><td></td><td></td><td></td><td></td><td></td><td></td><td></td><td></td><td></td><td></td><td></td><td></td><td></td><td></td><td></td><td></td><td></td