现金支出情况表
序号 日 项目 数量/单价 编码 折算数量 金额 网购打√旅游划★
万 千 百 十 元 角 分
1 25 鸭蛋 2 311092 1 15 0 0
2 27 猪肉 1.2 311061 26 26 0 0
3 27 油泡 1 311039 12.5 12 0 0
4 27 豆芽菜 1.4 311051 1.7 2 5 0
5 27 豆腐干 0.8 311039 5 4 0 0
6 27 钱粉干 1 311029 7 7 0 0
7 28 牛奶 11 311101 6 65 0 0
8 28 饼干 0.8 311123 12.5 10 0 0
9 28 白酱油 1 311141 6 0 0
10 28 尿素 10 131314 5 15 0 0
11 28 磷肥 10 131311 5 5 0 0
12 28 碳铵 10 131311 5 7 0 0
13 28 后季长豆种 131141 0.1 3 0 0
14 28 后季黄瓜种 131141 0.1 2 0 0
15 30 茶叶 0.2 311131 0.1 20 0 0
合计金额（-） 199 5 0
序号 日 项目 数量/单价 编码 折算数量
1 30 西红柿 2 1 311051
2 30 白砂糖 1 0.5 311121
3 30 陈醋 1 12.5 311141
4 30 毛巾2条 36391
5 30 雨衣裤子 321311
6 30 灭蚊香 344911
7
8
9
10
11
12
13
14
15
合计金额（-）
页码：