现金支出情况表

序号 日 项 目 数量/单价 编码 折算 数量 金额 网购 打√ 划× 序号 日 项 目 数量/单价 编码 折算 数量 金额
1 25 鸡蛋 2 311492 1 15.00 1 30 面粉 2 311071 1 12.00
2 27 猪肉 1 311061 0.6 26.00 2 30 仔砂糖 1 31112 1 0.00
3 27 油泡 1 311099 0.3 12.00 3 30 酒醋 1 311161 1 0.00
4 27 豆芽菜 1 311051 0.7 25.00 4 30 毛巾2条 1 311391 1 16.00
5 27 豆腐干 0.8 311090 0.6 4.00 5 30 雨衣裤子 1 311311 1 0.00
6 27 铁粉干 1 311629 0.8 7.00 6 30 蚊香 1 311691 1 0.00
7 28 牛奶 1 311618 0.8 65.00 7
8 28 酸干 0.8 311123 0.4 10.00 8
9 28 白酱油 1 311161 1 6.00 9
10 28 屈素 10 311311 5 15.00 10
11 28 酵素肥 10 311311 5 5.00 11
12 28 碳铵 10 311311 5 9.00 12
13 28 后季长豆种 131161 0.1 3.00 13
14 28 后季黄豆种 131161 0.1 2.00 14
15 30 茶叶 0.2 311181 0.1 2.00 15

合计金额（-） 995.00 合计金额（-）