现金支出情况表

金额
网购
打√
旅游
划★
序号
日
项
目
数量/单价
编码
折算
数量
万
千
百
十
元
角
分
序号
日
项
目
数量/单价
编码
折算
数量
万
千
百
十
元
角
分
1
25
鸭蛋
2
311092
1
1
5
0
0
1
30
西红柿
2
1
311051
2
27
猪肉
1.2
311061
0.6
2
6
0
0
2
30
白砂糖
1
0.8
311121
3
27
油泡
1
311039
0.3
1
2
0
0
3
30
陈醋
1
1.25
311161
4
27
豆芽菜
1.4
311051
0.7
2
5
0
4
30
毛巾2条
36391
5
27
豆腐干
0.8
311039
0.4
4
0
0
5
30
雨衣裤子
321311
6
27
铁粉干
1
311029
0.5
7
0
0
6
30
灭蚊香
366911
7
28
牛奶
11
311101
0.55
6
5
0
0
7
8
28
饼干
0.8
311123
0.4
1
0
0
0
8
9
28
白酱油
1
311141
6
0
0
9
10
28
尿素
10
131311
5
1
5
0
0
10
11
28
磷肥
10
131311
5
5
0
0
11
12
28
碳铵
10
131311
5
7
0
0
12
13
28
后季长豆种
131161
0.1
3
0
0
13
14
28
后季黄瓜种
131161
0.1
2
0
0
14
15
28
茶叶
0.2
311131
0.1
2
0
0
0
15
合计金额（一）
1
9
9
5
0
合计金额（一）
页码：
页码：