现金支出情况表
序号 日 项目 数量/单价 编码 折算数量 万 千 百 十 元 角 分 网购打勾旅游计划★ 序号 日 项目 数量/单价 编码 折算数量 万 千 百 十 元 角 分
1 25 鸭蛋 2 311092 1        15 00                1 30 西红柿 2 1 311051 1
2 27 猪肉 1.2 311061 2.6        26 00                2 30 白砂糖 1        311121
3 27 油泡 1 311039 0.5        12 00                3 30 陈醋 1        311121
4 27 豆芽菜 1.4 311051 11.7        25 00                4 30 毛巾2条        36391
5 27 豆腐干 0.8 311039 0.4        4 00                5 30 雨衣裤子        321311
6 27 锌粒干 1 311082 12.5        7 00                6 30 灭蚊香        346911
7 28 牛奶 11 311061 15.5        65 00                7
8 28 饼干 0.8 311123 0.4        10 00                8
9 28 白酱油 1 311181          6 00                9
10 28 尿素 10 1313114 5        15 00               10
11 28 磷肥 10 131311 5        5 00                11
12 28 碳铵 10 131311          700                12
13 28 后季长豆种          131141 0.1        300                13
14 28 后季黄瓜种          131141 0.1        200                14
15 30 茶叶 0.2 31131 0.1        200                15
合计金额（-） 19950 合计金额（-）
页码： 页码：